7298
10593
14389
16813
21117
23926
25782
29407
58941
61962
62616
64601
66568
67284
68380
71869
73109
74545
75976
79786
81482
82814
88206
89577
91930
95742
96557
97515
97919
99472
100448
103408
114359
129724
134775
135762
141266
143491
146775
147168
155299
157289
158214
166254
169298
171057
173488
175778
176914
180276
184209
184936
185707
186677
187089
188451
190026
191088
191314
192700
193711
196379
197456
201846
204649
206436
208301
216497
219668
223945
226179
229971
230883
231658
232814
234739
235460
235546
236607
236989
238091
238605
238691
244258
251481
253885
257023
258344
260313
262293
263989
264753
265886
273291
274991
278043
281245
282709
287003
289795
297871
301427
302715
308842
312678
316428
330271
332739
348831
351129
355855
364512
365205
368591
371324
372401
373874
375533
376997
